0 0.22440400000000002 0.214478380859375 0.19127478255208333 0.38192340673828123 0.17118052799479166 0.39632102783203127 0.15718173502604166 0.4160387021484375 0.1571088671875 0.44254171826171873 0.169794583984375 0.487175466796875 0.20758230859375001 0.5122511997070313 0.27628452539062504 0.5258537270507813 0.3569605514322917 0.5297116083984375 0.44459570247395835 0.5258851596679688 0.5457499674479166 0.5120822875976563 0.6307860045572916 0.4917285815429687 0.7046451829427083 0.45588058203125 0.7253881263020833 0.413438669921875 0.7247300865885417 0.3739161142578125 0.6917097499999999 0.34196413037109374 0.6602008203124999 0.18164011572265626 0.6754947089843749 0.1536001376953125 0.6834968463541666 0.11891647607421875 0.66578454296875 0.07571519677734374 0.6130891875 0.0308336435546875 0.5332774596354167 0.0080906337890625 0.43426232421875 0.0056743505859375 0.33737883919270834 0.0252538193359375 0.25996506184895835 0.06086899365234375 0.21424208007812498 0.10364005224609375 0.19735335091145834 0.14970495458984376 0.20521528255208332 0.189979841796875 0.22440400000000002 0.214478380859375
1 0.27341500716145833 0.42894627880859376 0.26848386783854167 0.4293583032226562 0.24463507682291666 0.5071478076171875 0.2513087897135417 0.5068066865234375 0.27341500716145833 0.42894627880859376
1 0.33490432682291665 0.423375486328125 0.3146835071614583 0.48743483203125 0.32193522200520835 0.48682891015625 0.33651855078125004 0.43861642626953123 0.3392600944010417 0.42344454931640624 0.33490432682291665 0.423375486328125
1 0.5071344446614584 0.402487802734375 0.5001615221354166 0.4019874130859375 0.51654392578125 0.46818619970703124 0.5226238307291667 0.46659541552734374 0.5071344446614584 0.402487802734375
1 0.3812210084635417 0.4606887978515625 0.3699522760416667 0.4974090747070313 0.3743366438802083 0.4978975693359375 0.3863799342447916 0.4598624345703125 0.39165796744791664 0.44538672802734375 0.406236005859375 0.412722005859375 0.400690318359375 0.4099370595703125 0.3812210084635417 0.4606887978515625
1 0.6455912838541666 0.40654557470703123 0.6392645319010416 0.40596492138671875 0.6876301764322917 0.4788828212890625 0.6942988665364583 0.47666168115234375 0.6455912838541666 0.40654557470703123
1 0.605380595703125 0.401169509765625 0.6168405494791667 0.46483000439453126 0.6207484609375 0.4651967822265625 0.6142119726562499 0.4274712509765625 0.6135749212239584 0.40256498828125 0.605380595703125 0.401169509765625
1 0.6055460625 0.4341580087890625 0.6102016966145833 0.46982187451171875 0.6176350904947917 0.469616755859375 0.6120880520833333 0.43749414404296877 0.6066056126302083 0.41146722509765626 0.6055460625 0.4341580087890625
1 0.5700898723958333 0.47372808935546873 0.5771447662760417 0.47286129052734377 0.54805659765625 0.4121992490234375 0.5450982903645833 0.4136943828125 0.5700898723958333 0.47372808935546873
1 0.2718875091145833 0.44683323974609374 0.28300908138020836 0.46019871728515627 0.3072624908854167 0.4882509716796875 0.3116358854166667 0.48654564501953124 0.28576469205729166 0.456543783203125 0.266511748046875 0.42941385888671874 0.26133722656249997 0.43088861083984376 0.2718875091145833 0.44683323974609374
1 0.394441123046875 0.4080034536132813 0.3888614427083333 0.408916302734375 0.38696368424479166 0.41815814892578124 0.37657685481770836 0.43629906982421873 0.35887238216145834 0.46085864794921877 0.36450751953125 0.465152634765625 0.38081580273437504 0.440709716796875 0.39409776432291665 0.4132438559570312 0.394441123046875 0.4080034536132813
1 0.435569296875 0.47392380615234375 0.45308130143229164 0.4349371708984375 0.47117717187499997 0.4004924072265625 0.4655460989583333 0.39936636572265627 0.45056066666666666 0.4243699208984375 0.42591334114583335 0.47173675146484373 0.435569296875 0.47392380615234375
1 0.3917859147135417 0.5083194379882813 0.3924283828125 0.46814768212890623 0.3929392747395833 0.4407607734375 0.38958714127604166 0.4526173662109375 0.38697582877604164 0.5089210688476562 0.3917859147135417 0.5083194379882813
1 0.3764745423177083 0.42736665087890624 0.37137603450520834 0.425996390625 0.3694308782552083 0.444321826171875 0.3672603684895834 0.466658072265625 0.3667792102864584 0.49683664013671874 0.37077435611979165 0.4951057509765625 0.37251593880208334 0.45763630126953125 0.37569815885416663 0.4298267109375 0.3764745423177083 0.42736665087890624
1 0.44136337304687495 0.44010772900390627 0.44120832617187505 0.42555056005859376 0.44295214062500005 0.413429154296875 0.43759494661458337 0.412878904296875 0.4351084036458333 0.43065089990234373 0.4358278763020833 0.447955294921875 0.44136337304687495 0.44010772900390627