0 0.7080445592447916 0.6541854702148437 0.6754161080729166 0.64169201953125 0.624189041015625 0.6354661733398438 0.5696756692708334 0.6331046264648438 0.505309416015625 0.6353419819335937 0.4246289817708333 0.6431587294921876 0.3781310748697917 0.6557005014648437 0.3571386764322917 0.6697993422851563 0.3470468470052083 0.6865067612304687 0.3476742389322917 0.7160675654296875 0.36180161393229165 0.7293663637695312 0.3923004348958334 0.8815677993164063 0.37295230989583333 0.9118967065429687 0.37184940429687496 0.9464806137695313 0.4020140546875 0.9745557705078125 0.44054676106770835 0.9896830288085937 0.5714451334635416 0.986046962890625 0.67757557421875 0.9803088876953125 0.7205868815104166 0.9552715390625 0.735844142578125 0.920713873046875 0.7266854895833333 0.8925632563476562 0.7092939069010417 0.8726149926757812 0.7100004251302083 0.7193560815429687 0.726533935546875 0.7027201713867187 0.7223049075520834 0.6758728159179688 0.7113584361979166 0.6652606088867188 0.7080445592447916 0.6541854702148437
1 0.4325037838541667 0.6583879272460937 0.40522176367187496 0.60927791796875 0.39645333072916666 0.6123866958007812 0.423432029296875 0.6588784028320313 0.4512303626302083 0.69426029296875 0.45776091341145836 0.6945658251953125 0.4325037838541667 0.6583879272460937
1 0.42940801757812497 0.6922787490234374 0.4393444296875 0.6931904262695312 0.4556997721354166 0.6404038803710937 0.465000640625 0.59945951171875 0.472844623046875 0.5671563857421875 0.46463781640624996 0.5660192758789062 0.447143841796875 0.636255923828125 0.42940801757812497 0.6922787490234374
1 0.49202500846354164 0.6372543564453125 0.4870417109375 0.6321227080078125 0.47892523437499995 0.6499503208007813 0.4646334576822917 0.684182630859375 0.4603324635416666 0.69403176953125 0.4700944934895834 0.694952875 0.49202500846354164 0.6372543564453125
1 0.47512597591145833 0.6217016904296875 0.50008675 0.6780505268554687 0.5065868248697917 0.69021349609375 0.5138230944010417 0.6860022470703125 0.5026508522135417 0.6668463940429687 0.47592306705729165 0.6028209072265625 0.45222177148437503 0.5421884526367188 0.4448183723958334 0.5449598354492188 0.47512597591145833 0.6217016904296875
1 0.4904624700520834 0.6358896899414063 0.4778694270833333 0.6938738994140625 0.4850296171875 0.695067595703125 0.5074548365885417 0.5916314213867188 0.4997787233072917 0.5890164721679687 0.4904624700520834 0.6358896899414063
1 0.4081639114583333 0.6346748403320313 0.40219443619791667 0.6361831416015625 0.42010844010416665 0.6908054545898438 0.4264876692708333 0.689801939453125 0.4081639114583333 0.6346748403320313
1 0.4258810260416667 0.6845653354492187 0.43252564648437497 0.6843380043945313 0.4345207734375 0.6727693671875 0.43730531510416665 0.655888890625 0.4377159049479167 0.6260954213867187 0.43044950976562496 0.6209555375976562 0.4295761139322916 0.6513009692382813 0.4258810260416667 0.6845653354492187
1 0.502794916015625 0.6665752573242187 0.4985386901041667 0.6949958251953126 0.5056233821614583 0.6955349892578125 0.512952412109375 0.6406017607421876 0.5101083691406251 0.626660302734375 0.502794916015625 0.6665752573242187
1 0.6255996783854166 0.5824229624023437 0.6183237610677084 0.5859083486328125 0.632370419921875 0.6780566435546875 0.6385858951822917 0.6767368432617188 0.6255996783854166 0.5824229624023437
1 0.6017565651041666 0.5900370708007813 0.593833439453125 0.5911681948242188 0.6084302539062499 0.688065498046875 0.6162808880208334 0.6846895400390625 0.6017565651041666 0.5900370708007813
1 0.5430120286458333 0.694132416015625 0.5505225716145833 0.6942885991210938 0.55944296875 0.6516395556640625 0.5667856282552083 0.5937550673828125 0.568890224609375 0.5828182836914062 0.5602221601562499 0.5839896840820312 0.5469135651041667 0.67607097265625 0.5430120286458333 0.694132416015625
1 0.5235172408854166 0.6406506772460937 0.5239619609375 0.6493411323242188 0.5263811236979167 0.6718398369140625 0.535432212890625 0.5947472333984375 0.5282695520833333 0.5927452377929687 0.5235172408854166 0.6406506772460937
1 0.5668470826822917 0.6880649916992188 0.5735967805989584 0.6848888129882813 0.5806891764322917 0.613524603515625 0.58089975390625 0.605641970703125 0.57471662890625 0.6040085185546875 0.57078951171875 0.6525720927734375 0.5666933326822917 0.6851215551757812 0.5668470826822917 0.6880649916992188
1 0.6336019921875 0.6369478051757812 0.6386357669270833 0.6480606484375 0.6452971959635417 0.6198702431640625 0.6505754563802083 0.5813536181640625 0.6521460709635417 0.5658074526367187 0.6443766393229167 0.5634165141601563 0.6401590891927084 0.5965345434570313 0.6336019921875 0.6369478051757812
1 0.6458054954427083 0.6743787553710937 0.6552502272135416 0.6766791166992188 0.6559237688802083 0.622669201171875 0.65924430078125 0.56078542578125 0.6522515358072917 0.5618662490234375 0.6491022180989584 0.59450501953125 0.6464137688802084 0.6327411220703125 0.6458054954427083 0.6743787553710937