0 0.4189655377604167 0.921779873046875 0.4433569270833333 0.9431334560546875 0.490105033203125 0.9657564721679688 0.5501275364583333 0.9819661665039062 0.6108439557291666 0.9887554575195312 0.6651621516927083 0.9850376040039063 0.7004996022135416 0.97193958984375 0.7151681393229167 0.953516873046875 0.7129195664062501 0.9305240532226563 0.6996391640624999 0.9108734111328125 0.7343205162760417 0.7833554672851563 0.7491170657552083 0.7751981611328125 0.7520187024739583 0.7519160229492188 0.74417321875 0.7372325034179688 0.720685564453125 0.7176353188476563 0.6783428938802083 0.7030569208984375 0.5993040078124999 0.6859099340820313 0.5131264309895833 0.6775549775390625 0.47675751562499996 0.6786314721679687 0.45439614973958337 0.685629591796875 0.4514419973958333 0.6927262983398438 0.44114829231770836 0.70013591796875 0.43727007161458337 0.723447953125 0.442477767578125 0.7310765625 0.4508312005208333 0.7373898481445312 0.43782833658854164 0.8658934565429688 0.421518265625 0.8784923823242188 0.4115049446614583 0.8994260463867187 0.4189655377604167 0.921779873046875
1 0.6588707578125 0.7448510346679688 0.66675626171875 0.7445414672851562 0.6717141009114583 0.6437157524414062 0.6648073899739583 0.64376140625 0.6588707578125 0.7448510346679688
1 0.660165822265625 0.7153746118164063 0.6758392408854167 0.6773358173828125 0.66947921484375 0.6742906567382813 0.6443720065104167 0.74249105078125 0.6507255260416667 0.74346483203125 0.660165822265625 0.7153746118164063
1 0.6320196940104167 0.74170183203125 0.63890264453125 0.7417905947265625 0.6334716204427083 0.6712562163085938 0.62377064453125 0.6712877783203125 0.6320196940104167 0.74170183203125
1 0.6172052825520834 0.668349205078125 0.610644509765625 0.6706560751953125 0.6086497747395833 0.7378441391601562 0.6153426848958333 0.7390079956054687 0.6172052825520834 0.668349205078125
1 0.5896129759114583 0.7347883803710937 0.5966534192708334 0.7350393393554687 0.586299673828125 0.6459453784179687 0.5793930045572917 0.64599079296875 0.5896129759114583 0.7347883803710937
1 0.5216581223958333 0.7089145927734375 0.49510644010416666 0.6639899365234375 0.49139615690104166 0.6649396708984375 0.52070440625 0.7206382373046875 0.52658476171875 0.7211255688476562 0.5216581223958333 0.7089145927734375
1 0.5381954928385416 0.664935123046875 0.5295830130208333 0.6092336723632813 0.5203184290364583 0.6057433403320313 0.5317066328125 0.7227386831054687 0.541729744140625 0.7251029931640625 0.5381954928385416 0.664935123046875
1 0.5573204720052084 0.579945083984375 0.5477708053385416 0.5780675122070312 0.538980046875 0.7016317216796875 0.54094745703125 0.726363431640625 0.5469619095052084 0.7271471865234375 0.5542310970052083 0.6712574907226563 0.5573204720052084 0.579945083984375
1 0.5758304641927083 0.7220482006835938 0.5839141953125 0.7343288779296875 0.5807730390625 0.6909221313476562 0.5773930481770834 0.6372649233398437 0.569010296875 0.6372224086914062 0.57264865625 0.6662129267578125 0.5758304641927083 0.7220482006835938
1 0.56127904296875 0.7294795795898438 0.5677038444010417 0.7300501108398437 0.5648584733072917 0.6512165659179687 0.5589546796875 0.6508637006835938 0.56127904296875 0.7294795795898438