0 0.3683373606770833 0.9351299443359375 0.45282162304687495 0.9626024248046875 0.5726469733072916 0.9692660146484375 0.6902365442708334 0.94564894140625 0.778182626953125 0.9006573159179687 0.8279110904947916 0.8436348154296875 0.8347620227864584 0.7794218891601562 0.8220889772135417 0.7465322963867187 0.7996684863281249 0.7173969008789063 0.8231902734375001 0.5307659833984375 0.8532994192708333 0.5058071376953125 0.863627857421875 0.4791035615234375 0.8619991464843749 0.42941489990234377 0.8388873255208332 0.393082083984375 0.8155404505208333 0.3757007998046875 0.7731785950520833 0.36241842041015626 0.6761967298177084 0.3540416865234375 0.5777324088541667 0.3531668994140625 0.4736266725260417 0.3643854453125 0.3958771875 0.375810796875 0.31780704557291667 0.39225162158203125 0.22403582356770835 0.421624671875 0.17169678776041666 0.45931209765625 0.15815377604166667 0.5045362763671875 0.17038101627604166 0.55672095703125 0.18660295052083334 0.5748323603515625 0.21883687825520834 0.592488068359375 0.29117673632812496 0.7693201137695312 0.27855877213541663 0.8090262919921875 0.28110453580729167 0.8450637421875 0.307058787109375 0.898383935546875 0.3683373606770833 0.9351299443359375
1 0.6861585234375 0.37560072314453125 0.6846508294270833 0.40771692822265626 0.6850748255208333 0.44589396826171873 0.6961339375 0.445219521484375 0.6936124661458334 0.4410294794921875 0.692224859375 0.42748152734375 0.6947220065104167 0.3887233037109375 0.6978865208333334 0.3770934921875 0.6861585234375 0.37560072314453125
1 0.6424131295572917 0.46324116015625 0.6541965546875 0.42582359375 0.6483140885416666 0.4249671567382812 0.6367888430989583 0.4621281279296875 0.6346688098958333 0.47992699755859375 0.6391917441406251 0.4870211298828125 0.6424131295572917 0.46324116015625
1 0.5711959895833333 0.48137308984375 0.5800719674479167 0.4802903779296875 0.5788502115885417 0.45345444677734376 0.5809499192708333 0.4212660263671875 0.5876420084635416 0.3930150341796875 0.5794297220052084 0.3926674038085938 0.5711550149739583 0.4525940283203125 0.5711959895833333 0.48137308984375
1 0.20631629036458332 0.42823922900390626 0.19543162369791667 0.4317840380859375 0.24190826432291668 0.5053039653320313 0.24993531770833333 0.5074922290039062 0.20631629036458332 0.42823922900390626
1 0.4102692213541667 0.5148587783203125 0.4186043287760417 0.5138420434570312 0.413010990234375 0.5009037998046875 0.40907360546875 0.4801614990234375 0.39291497265625 0.402309828125 0.3851018515625 0.403896375 0.40409409309895833 0.49597303125 0.4102692213541667 0.5148587783203125
1 0.327441591796875 0.4712309873046875 0.3365147994791667 0.49386573974609377 0.3526466516927083 0.5143387900390625 0.3582885091145833 0.5128375087890625 0.34013906445312503 0.4843172119140625 0.32897842773437497 0.4609613994140625 0.32033603450520837 0.4215245190429687 0.3138904661458333 0.42214814892578123 0.327441591796875 0.4712309873046875
1 0.43171170247395835 0.4471664814453125 0.43967265950520834 0.477425310546875 0.44760983984375 0.49078050732421874 0.452394169921875 0.4873793125 0.44484429296875 0.4744462651367187 0.43504982682291665 0.4314966181640625 0.42920185546875 0.3932316040039063 0.4242196276041667 0.39360440478515624 0.43171170247395835 0.4471664814453125
1 0.5044377180989583 0.4635917700195312 0.5167858059895833 0.44285194873046874 0.5116483951822917 0.44061059716796874 0.5061942962239584 0.44988046533203124 0.4967467994791666 0.46098684130859374 0.4888228567708333 0.47038922119140625 0.48020510677083333 0.47970746826171873 0.47161751236979166 0.490540431640625 0.46212337044270835 0.50806409765625 0.4694224342447917 0.50835460546875 0.4783907421875 0.49173890771484374 0.5044377180989583 0.4635917700195312
1 0.4694742838541666 0.4471047216796875 0.46322697135416663 0.4449987583007812 0.4488888346354167 0.4713800947265625 0.432258697265625 0.5056332338867188 0.4306023515625 0.511909103515625 0.43734754492187505 0.51294198828125 0.4443439283854167 0.4953859658203125 0.4476883274739583 0.48569862890625 0.46349614713541665 0.45863172216796877 0.4694742838541666 0.4471047216796875
1 0.46136880794270835 0.48487343310546877 0.47957350520833336 0.44519798046875 0.47293805208333334 0.44347664794921876 0.45664561393229164 0.4810629140625 0.44639285481770835 0.5115013364257812 0.45258201692708333 0.511927232421875 0.46136880794270835 0.48487343310546877
1 0.6323368229166667 0.397375794921875 0.5697942018229166 0.44414684814453126 0.5469554023437501 0.46447919091796874 0.5504007630208333 0.46743323779296875 0.6361423281249999 0.399779861328125 0.6323368229166667 0.397375794921875
1 0.52176389453125 0.4677312060546875 0.5236836126302084 0.4434944912109375 0.5253896204427083 0.4372251103515625 0.5198460364583334 0.43717411376953125 0.5186041451822917 0.4471447353515625 0.5163860260416667 0.4859646220703125 0.5167457180989583 0.500588802734375 0.522484900390625 0.4979491552734375 0.52176389453125 0.4677312060546875
1 0.43999912239583333 0.5118379423828125 0.4447453229166667 0.5083442236328125 0.41227723242187503 0.48050727734375 0.393133486328125 0.45886182666015624 0.38290024869791667 0.465674677734375 0.41737071744791665 0.49167763037109374 0.43266427213541664 0.5031934951171875 0.43999912239583333 0.5118379423828125