0 0.2973323567708333 0.763441162109375 0.309240234375 0.88181982421875 0.29244563802083334 0.905529296875 0.2877610677083333 0.9319130859375 0.30071549479166665 0.9576845703125 0.334169921875 0.978546630859375 0.3819085286458333 0.992924560546875 0.44076269531249995 0.99855712890625 0.5029466145833333 0.993488525390625 0.5544440104166667 0.9782646484375 0.5927851562500001 0.954865234375 0.6074449869791666 0.925263671875 0.60255859375 0.9010185546875 0.5867708333333334 0.878746826171875 0.5972958984375 0.7614677734375 0.6138352864583333 0.74398876953125 0.6142112630208333 0.714386962890625 0.5965442708333334 0.6876044921875 0.5589547526041666 0.673508544921875 0.5059537760416667 0.663923095703125 0.45107324218749995 0.662231689453125 0.388298828125 0.665332763671875 0.334169921875 0.67548193359375 0.2931975911458333 0.69521630859375 0.28304850260416664 0.71607861328125 0.28069921875 0.7368359375 0.28267252604166665 0.75019091796875 0.2973323567708333 0.763441162109375
1 0.47897265625 0.69163232421875 0.49108203125 0.629734619140625 0.48381640625000005 0.6290361328125 0.4737565104166667 0.684925537109375 0.4685400390625 0.711193603515625 0.4633238932291666 0.729497314453125 0.45922526041666667 0.7362041015625 0.4700305989583333 0.736064453125 0.47897265625 0.69163232421875
1 0.361232421875 0.678498291015625 0.3643994140625 0.63001416015625 0.3567610677083333 0.63015380859375 0.3537802734375 0.684087158203125 0.3524762369791667 0.733968505859375 0.35974186197916663 0.7362041015625 0.361232421875 0.678498291015625
1 0.3943932291666667 0.74053564453125 0.41209179687499997 0.6511123046875 0.4055712890625 0.6511123046875 0.3888043619791666 0.739417724609375 0.3943932291666667 0.74053564453125
1 0.4690989583333333 0.7071416015625 0.47040299479166664 0.6529287109375 0.46723600260416664 0.6529287109375 0.46667708333333335 0.693029541015625 0.46518684895833334 0.714826416015625 0.4627649739583333 0.7254453125 0.4690989583333333 0.7071416015625
1 0.5881435546875 0.716782470703125 0.5928011067708333 0.673328369140625 0.5942913411458334 0.63183056640625 0.5900065104166666 0.63197021484375 0.5879573567708333 0.674166748046875 0.5836725260416666 0.718319580078125 0.5881435546875 0.716782470703125
1 0.5191331380208334 0.737257080078125 0.5235442708333333 0.71009326171875 0.5281878255208333 0.691809814453125 0.5497796223958333 0.61589013671875 0.5402604166666667 0.61310400390625 0.5172757161458333 0.7041728515625 0.5120667317708333 0.737943115234375 0.5191331380208334 0.737257080078125
1 0.5254016927083334 0.67213330078125 0.53190234375 0.62668603515625 0.5265624999999999 0.62616357421875 0.51379296875 0.71235693359375 0.5133287760416666 0.722804443359375 0.5254016927083334 0.67213330078125
1 0.3598147786458334 0.720755615234375 0.3620673828125 0.720755615234375 0.3833089192708334 0.56241162109375 0.377515625 0.5631357421875 0.3598147786458334 0.720755615234375
1 0.3974697265625 0.685513427734375 0.401009765625 0.72606494140625 0.40455013020833336 0.606582763671875 0.4000442708333333 0.60634130859375 0.3974697265625 0.685513427734375
1 0.361423828125 0.736203857421875 0.36528580729166665 0.736203857421875 0.3816995442708333 0.647859375 0.3842744140625 0.618411376953125 0.37944661458333334 0.618652587890625 0.361423828125 0.736203857421875