0 0.2717658984375 0.6874599272460937 0.26733626888020834 0.83393458203125 0.25864367643229164 0.838480037109375 0.24956853125 0.8482002309570312 0.238918384765625 0.8716267236328125 0.23668309765624998 0.8876884653320313 0.24195255403645832 0.9054620966796875 0.2744795572916667 0.9342551997070313 0.333311712890625 0.9601891069335937 0.41564424609375 0.9749552275390625 0.4768867708333333 0.9747891704101562 0.531944576171875 0.9651767211914063 0.5741377649739583 0.94666616015625 0.5961278092447917 0.9229512607421875 0.5994767486979167 0.9087023881835937 0.596570634765625 0.8920782749023437 0.59196209765625 0.876652826171875 0.58188666796875 0.8614692065429688 0.615145849609375 0.7217083530273437 0.6274676946614584 0.7151318696289063 0.6365633138020833 0.7058062036132813 0.6383054680989583 0.6763479130859374 0.6312242493489583 0.6655227041015624 0.630511068359375 0.6564715161132813 0.6071554648437499 0.6400795869140625 0.5657108587239583 0.6255728422851563 0.5161999804687499 0.6152144262695313 0.46622686263020835 0.6086649760742188 0.42116785026041664 0.6050524516601562 0.37435609570312495 0.6037145224609375 0.3293107317708333 0.60636494140625 0.29664435481770834 0.6110367309570313 0.28164505859375 0.6163018715820312 0.27419490494791665 0.6222335180664063 0.27123072330729164 0.6304199780273437 0.2622724016927083 0.6371213740234375 0.259450154296875 0.645913583984375 0.255027453125 0.6675857021484375 0.2587541302083333 0.6786563798828125 0.2717658984375 0.6874599272460937
1 0.5476418307291667 0.5459783627929687 0.53855042578125 0.5457403549804688 0.5424240462239583 0.6302360502929687 0.5427850533854167 0.6546451567382813 0.5411959869791666 0.6810710263671875 0.5482274361979167 0.681077806640625 0.54904725 0.6716683505859375 0.5483409661458333 0.6148033432617187 0.5476418307291667 0.5459783627929687
1 0.5513136966145834 0.6805105092773438 0.5568136666666667 0.6801387006835937 0.5404564173177083 0.6002591049804687 0.52720469921875 0.5437015205078125 0.5213177701822916 0.5446895068359375 0.5366013157552083 0.6063116708984375 0.5513136966145834 0.6805105092773438
1 0.4955864225260416 0.5796429423828126 0.49227484895833334 0.5540867231445312 0.4861142096354167 0.5567532294921875 0.5055650162760417 0.6811857163085937 0.512472958984375 0.6810166791992187 0.4955864225260416 0.5796429423828126
1 0.4709232180989584 0.678975982421875 0.4780296158854167 0.67935416015625 0.4780186979166667 0.551751916015625 0.46942395833333334 0.5509970434570313 0.4709232180989584 0.678975982421875
1 0.4540553854166667 0.5475789140625 0.4459924635416667 0.5404581586914062 0.42938459049479166 0.5997770112304688 0.41637785091145835 0.6590127504882812 0.4102176634114583 0.6728249047851562 0.4233183274739583 0.674661126953125 0.427919330078125 0.6560424086914063 0.44338741015625 0.586967080078125 0.4540553854166667 0.5475789140625
1 0.38633957942708336 0.669262837890625 0.39392814322916664 0.6693316625976562 0.38772009375 0.541883626953125 0.3823218509114583 0.5420606640625 0.38633957942708336 0.669262837890625
1 0.3936884954427083 0.6470747607421875 0.4077967819010417 0.5954091245117188 0.40314136393229166 0.5944793383789062 0.382399326171875 0.6681518422851562 0.38654305208333334 0.6688818979492187 0.3936884954427083 0.6470747607421875
1 0.36602890039062497 0.5458778325195313 0.3607127884114583 0.6167604321289063 0.35734953515624995 0.6637273696289062 0.3620853782552083 0.664490220703125 0.3657328190104167 0.6279649819335937 0.37364502278645834 0.527532677734375 0.36773410677083335 0.5277172934570312 0.36602890039062497 0.5458778325195313
1 0.34943842122395835 0.6617870219726563 0.357530681640625 0.6631082421875 0.3558443977864583 0.6009506953125 0.351686220703125 0.5251919340820312 0.344612525390625 0.526196619140625 0.34828534635416664 0.608259630859375 0.34943842122395835 0.6617870219726563
1 0.31332212044270835 0.6515504833984375 0.32550612500000004 0.6548480590820313 0.3252812845052083 0.5862264755859375 0.32810563932291664 0.4677715751953125 0.31884250260416663 0.46690726904296875 0.31561385742187503 0.542860693359375 0.31332212044270835 0.6515504833984375
1 0.3472446165364584 0.6150075561523437 0.34472166471354165 0.52735606640625 0.3395373326822917 0.5274757685546875 0.334688220703125 0.657808427734375 0.34287144140625 0.6596043393554688 0.3472446165364584 0.6150075561523437