0 0.32083561197916666 0.668110107421875 0.276771484375 0.67614892578125 0.2503330078125 0.692047607421875 0.24009082031249998 0.705445556640625 0.23890006510416664 0.729026123046875 0.25200032552083335 0.739386962890625 0.26390950520833334 0.8714013671875 0.247474609375 0.888907958984375 0.24128190104166666 0.91141650390625 0.2524765625 0.9319599609375 0.28486979166666665 0.95035986328125 0.3375087890625 0.96232861328125 0.39824609375000003 0.96482958984375 0.4599361979166667 0.957862548828125 0.5097167968749999 0.942499755859375 0.5373463541666667 0.9249931640625 0.548541015625 0.90391357421875 0.5423483072916667 0.881583740234375 0.5285335286458334 0.866578125 0.5380608723958333 0.73688623046875 0.5473499348958334 0.73188427734375 0.55378125 0.725095947265625 0.5540192057291666 0.7013369140625 0.5452063802083333 0.692405029296875 0.5435390625 0.684902099609375 0.5228170572916667 0.674541015625 0.4873274739583333 0.667931396484375 0.4013424479166667 0.663108154296875 0.32083561197916666 0.668110107421875
1 0.34439518229166666 0.611241943359375 0.3376279296875 0.61014453125 0.32500813802083334 0.711103759765625 0.3326897786458333 0.712612548828125 0.34439518229166666 0.611241943359375
1 0.3345185546875 0.640871337890625 0.32775162760416665 0.642928955078125 0.3365305989583333 0.68312060546875 0.3409202473958333 0.7124755859375 0.3473216145833333 0.7124755859375 0.3345185546875 0.640871337890625
1 0.3798772786458333 0.644849365234375 0.37036653645833334 0.64334033203125 0.35280826822916667 0.712612548828125 0.35957552083333333 0.71357275390625 0.3798772786458333 0.644849365234375
1 0.3764020182291667 0.713435791015625 0.38316927083333335 0.713298583984375 0.3928629557291667 0.646220947265625 0.38682714843750005 0.642928955078125 0.3764020182291667 0.713435791015625
1 0.42779622395833333 0.626468017578125 0.42102897135416667 0.625370849609375 0.39542350260416664 0.71233837890625 0.4023733723958333 0.713161376953125 0.42779622395833333 0.626468017578125
1 0.5108313802083333 0.658703857421875 0.5073564453125 0.65719482421875 0.4735205078125 0.697798095703125 0.46657031250000003 0.709183349609375 0.47242317708333337 0.7095947265625 0.5108313802083333 0.658703857421875
1 0.492724609375 0.595467041015625 0.48303125 0.597524658203125 0.46492415364583334 0.65157080078125 0.4510240885416667 0.710829345703125 0.46126627604166665 0.71000634765625 0.492724609375 0.595467041015625
1 0.44809765625000003 0.65541162109375 0.445537109375 0.71206396484375 0.45157291666666666 0.712201171875 0.45779134114583336 0.687921630859375 0.4705940755208333 0.5637802734375 0.46090071614583333 0.564191650390625 0.44809765625000003 0.65541162109375
1 0.4309055989583333 0.6475927734375 0.4395016276041666 0.619335205078125 0.43127115885416667 0.6181005859375 0.4186513671875 0.670912109375 0.40804329427083336 0.71357275390625 0.4181025390625 0.70259912109375 0.4309055989583333 0.6475927734375
1 0.4470003255208333 0.634424072265625 0.4411477864583333 0.63387548828125 0.4246868489583333 0.71178955078125 0.43108821614583337 0.712201171875 0.4470003255208333 0.634424072265625