0 0.7465964296875001 0.603786935546875 0.6969865266927083 0.6041431479492188 0.6174672057291667 0.6177736196289062 0.5559086373697917 0.632379267578125 0.5057757291666667 0.6487209125976563 0.46055011458333334 0.667816119140625 0.4357564713541667 0.68793622265625 0.43785199088541665 0.6991301372070312 0.4325548756510416 0.7118715913085938 0.4412106692708333 0.7380202622070312 0.4645794850260417 0.749255642578125 0.5373491399739584 0.8920817524414062 0.5303858984375 0.9152064311523438 0.5350208782552083 0.943849701171875 0.5656218444010417 0.9721392709960938 0.6162588131510417 0.9839790932617187 0.620016984375 0.9838746997070312 0.8392374967447916 0.93644146875 0.8741613756510417 0.9075120224609375 0.8893080755208334 0.8734912646484375 0.8720002213541668 0.8415062797851562 0.839543291015625 0.8182236245117187 0.7966049804687501 0.668291169921875 0.803628236328125 0.6522178295898438 0.7903101829427084 0.6244712631835938 0.7729630696614583 0.6114985073242187 0.7465964296875001 0.603786935546875
1 0.6900277545572916 0.66070502734375 0.6960228932291667 0.6587262319335937 0.7055075104166666 0.6185011000976562 0.708994685546875 0.5681217202148438 0.6992895104166666 0.5674949409179687 0.6967490677083333 0.62039618359375 0.6900277545572916 0.66070502734375
1 0.6384764479166667 0.5738368041992188 0.6664830781250001 0.6096307397460937 0.7066926236979166 0.6546453012695312 0.7156041790364583 0.651217587890625 0.6725743339843749 0.603541208984375 0.6230844928385416 0.5425388676757813 0.615904873046875 0.5457283642578125 0.6384764479166667 0.5738368041992188
1 0.6786159720052084 0.664264904296875 0.68735916796875 0.660873619140625 0.6786822832031251 0.6527986284179688 0.6491419707031251 0.6245622573242188 0.633124708984375 0.610031916015625 0.6308546282552083 0.6161127905273438 0.6786159720052084 0.664264904296875
1 0.6318071992187501 0.51774766015625 0.6235439283854166 0.5170816904296875 0.6297905598958333 0.579806126953125 0.6347885729166667 0.6464815986328125 0.6332988561197916 0.6672538759765625 0.6420824498697917 0.6693067622070312 0.6424702343750001 0.6562714282226563 0.6394229088541666 0.5972174868164063 0.6318071992187501 0.51774766015625
1 0.631681404296875 0.6144341455078125 0.6008708958333333 0.5731118579101563 0.5948854381510417 0.577542724609375 0.6646305455729167 0.6682453745117187 0.6707996959635416 0.665274515625 0.631681404296875 0.6144341455078125
1 0.717184087890625 0.648149029296875 0.7236528626302082 0.6474309799804687 0.7147936901041666 0.5918156748046876 0.7084726009114584 0.5919564267578125 0.717184087890625 0.648149029296875
1 0.6910597545572917 0.6193095537109375 0.7016192499999999 0.6343389360351562 0.708937552734375 0.6446164565429687 0.7152906217447916 0.643105302734375 0.6961668697916666 0.6130238935546874 0.681068884765625 0.5849344018554687 0.6766565078125 0.5916150815429687 0.6910597545572917 0.6193095537109375
1 0.634525583984375 0.6462659575195312 0.60887149609375 0.6109171557617188 0.6127572220052083 0.6246638466796876 0.6454917766927083 0.6740224985351563 0.65189790234375 0.6716819790039062 0.634525583984375 0.6462659575195312
1 0.5116594108072917 0.6909653256835937 0.5181230592447917 0.6905848793945313 0.48797319466145833 0.6009562294921875 0.47949383528645834 0.5995909443359375 0.5116594108072917 0.6909653256835937
1 0.5363682890625 0.6926013676757813 0.5453364127604167 0.6937154892578125 0.5134693893229166 0.5995127504882812 0.5054892740885416 0.6005121342773437 0.5363682890625 0.6926013676757813
1 0.5401121028645833 0.594911775390625 0.5742479830729167 0.647020779296875 0.6026989798177084 0.6845040595703125 0.6096856022135416 0.6824104643554687 0.5975204791666667 0.6665687866210938 0.541687498046875 0.5840972416992187 0.532988171875 0.5852522421875 0.5401121028645833 0.594911775390625
1 0.602849025390625 0.6274494780273437 0.575843099609375 0.58398034375 0.570051916015625 0.5877060854492188 0.6148308307291667 0.6572955341796874 0.6065196764322917 0.6356740756835938 0.602849025390625 0.6274494780273437
1 0.532437033203125 0.6096642075195312 0.5363436139322917 0.6169650571289063 0.5765862024739583 0.6817171987304688 0.58442542578125 0.6829304296875 0.5831851217447916 0.68014396875 0.5640206822916667 0.6508336743164063 0.5374808196614583 0.6065364047851562 0.532437033203125 0.6096642075195312
1 0.45551285416666665 0.605070578125 0.47859592122395833 0.6396423940429687 0.49812090625 0.6642198559570313 0.49762439388020835 0.6525447036132812 0.4724468548177083 0.6165347587890625 0.45290082356770833 0.5867253999023437 0.44672225000000004 0.590971439453125 0.45551285416666665 0.605070578125
1 0.43768696093750004 0.588126197265625 0.46992352864583337 0.6450101640625 0.49596735026041666 0.6952333510742188 0.5037633639322917 0.6906373432617188 0.4836018268229167 0.651942083984375 0.46308522916666667 0.6169603637695312 0.44476884635416664 0.5873211655273437 0.43768696093750004 0.588126197265625