0 0.4117740885416667 0.438781982421875 0.3454934895833333 0.44387060546875 0.27347233072916666 0.45404736328125 0.22597981770833334 0.474792724609375 0.22023893229166666 0.490449462890625 0.20719173177083336 0.5037578125 0.2056259765625 0.55190234375 0.22754557291666666 0.572647705078125 0.2599029947916667 0.769531982421875 0.23224251302083332 0.81023974609375 0.22858951822916665 0.858384521484375 0.2552060546875 0.90183203125 0.3063515625 0.937059814453125 0.3872451171875 0.96211083984375 0.48901432291666663 0.975027587890625 0.5949586588541667 0.964459228515625 0.6789833984375 0.934320068359375 0.7233444010416666 0.8936123046875 0.7379576822916666 0.846641845703125 0.7165598958333333 0.79145166015625 0.7614427083333334 0.593784423828125 0.7838841145833334 0.581259033203125 0.7932783203125 0.567559326171875 0.7958876953125 0.52489453125 0.782318359375 0.50571484375 0.7817965494791667 0.493580810546875 0.7656178385416667 0.479881103515625 0.7369137369791666 0.46892138671875 0.6508014322916666 0.450916015625 0.5746048177083333 0.441913330078125 0.49788639322916667 0.438781982421875 0.4117740885416667 0.438781982421875
1 0.4284833984375 0.472158203125 0.4196962890625 0.470275146484375 0.42241601562500003 0.5331982421875 0.42994791666666665 0.533825927734375 0.4284833984375 0.472158203125
1 0.3318235677083333 0.522528076171875 0.3429124348958333 0.4461103515625 0.33161425781250004 0.44532568359375 0.3242916666666667 0.520802001953125 0.3318235677083333 0.522528076171875
1 0.43999055989583336 0.493184814453125 0.4496145833333333 0.44626708984375 0.4408274739583333 0.444227294921875 0.4289020182291667 0.524410888671875 0.436224609375 0.5267646484375 0.43999055989583336 0.493184814453125
1 0.4805794270833333 0.440461181640625 0.474302734375 0.439519775390625 0.4596572265625 0.50150146484375 0.4665615234375 0.50244287109375 0.4805794270833333 0.440461181640625
1 0.4822529296875 0.47388427734375 0.48706510416666665 0.442658203125 0.4805794270833333 0.44234423828125 0.4763948567708333 0.473256591796875 0.47409342447916664 0.503070556640625 0.4797425130208333 0.504011962890625 0.4822529296875 0.47388427734375
1 0.5637897135416666 0.437836669921875 0.5540432942708333 0.437461669921875 0.5175569661458334 0.5366123046875 0.5253040364583333 0.536987060546875 0.5637897135416666 0.437836669921875
1 0.5140582682291667 0.501937744140625 0.5075605468750001 0.50100048828125 0.49056705729166666 0.53548779296875 0.49706445312499997 0.5366123046875 0.5140582682291667 0.501937744140625
1 0.6085231119791666 0.41984326171875 0.602025390625 0.41890625 0.570537109375 0.4946279296875 0.5795338541666667 0.496314697265625 0.6085231119791666 0.41984326171875
1 0.6862662760416667 0.455720947265625 0.6748343098958333 0.455201416015625 0.6481595052083333 0.533666259765625 0.6571666666666667 0.532627197265625 0.6862662760416667 0.455720947265625
1 0.667212890625 0.41856689453125 0.6575130208333334 0.41778759765625 0.6509309895833334 0.498850830078125 0.6554345703125 0.499370361328125 0.667212890625 0.41856689453125
1 0.6152493489583334 0.494953369140625 0.6218313802083334 0.4980712890625 0.6433095703125 0.41311083984375 0.63811328125 0.4115517578125 0.6152493489583334 0.494953369140625
1 0.722640625 0.411811767578125 0.7146728515624999 0.4115517578125 0.7101695963541667 0.502228271484375 0.7181373697916666 0.502228271484375 0.722640625 0.411811767578125
1 0.4912294921875 0.50586572265625 0.49746516927083334 0.506125732421875 0.5161718750000001 0.423763427734375 0.5102828776041667 0.42350341796875 0.4912294921875 0.50586572265625