0 0.464384765625 0.595542236328125 0.41384635416666665 0.6003115234375 0.37067122395833335 0.610101318359375 0.3451149088541667 0.623781005859375 0.34305924479166666 0.632693115234375 0.3344375 0.642657470703125 0.33176790364583336 0.6721162109375 0.3393776041666667 0.682394775390625 0.35058984374999996 0.690302001953125 0.3626569010416667 0.83285205078125 0.35042220052083334 0.846812255859375 0.34356119791666667 0.861622314453125 0.33820605468750004 0.87781298828125 0.33939485677083336 0.892341552734375 0.3576181640625 0.9183525390625 0.39660970052083333 0.9414462890625 0.4496585286458334 0.957135009765625 0.510236328125 0.964129150390625 0.5939108072916667 0.95864111328125 0.65599609375 0.939438232421875 0.6924775390625001 0.914461669921875 0.7003427734375 0.897392578125 0.7005263671874999 0.881187255859375 0.6934814453125 0.856727294921875 0.6859508463541667 0.84605908203125 0.6780270182291667 0.84057421875 0.6954895833333333 0.6945693359375 0.7096783854166667 0.687274658203125 0.7150172526041666 0.6766923828125 0.713873046875 0.654669677734375 0.7123916015625 0.64562060546875 0.7045263671875 0.63796435546875 0.7028141276041667 0.629501220703125 0.6963264973958333 0.62277783203125 0.6822692057291667 0.615874755859375 0.6506409505208334 0.607591064453125 0.6064615885416667 0.59993505859375 0.559939453125 0.596044189453125 0.5148125 0.5946083984375 0.464384765625 0.595542236328125
1 0.43219661458333336 0.6317490234375 0.4361943359375 0.607540771484375 0.4526295572916667 0.524032958984375 0.44359765624999997 0.523255615234375 0.43264095052083335 0.5915498046875 0.4234609375 0.6479619140625 0.4228688151041667 0.65740087890625 0.42982779947916666 0.65817822265625 0.43219661458333336 0.6317490234375
1 0.44552441406250004 0.584423095703125 0.4698388671875 0.52491064453125 0.4641608072916667 0.523272705078125 0.44261230468749996 0.57798046875 0.41451236979166667 0.655510498046875 0.41989941406250003 0.6564931640625 0.44552441406250004 0.584423095703125
1 0.5028753255208334 0.540820556640625 0.4971767578125 0.537484619140625 0.4900882161458333 0.56250341796875 0.4582587890625 0.6613271484375 0.4650693359375 0.662265380859375 0.5028753255208334 0.540820556640625
1 0.5202496744791667 0.53696337890625 0.5116321614583333 0.5367548828125 0.4925901692708334 0.663516357421875 0.4996787109375 0.66393310546875 0.5202496744791667 0.53696337890625
1 0.5566315104166667 0.65018359375 0.5525953776041667 0.58988720703125 0.5450081380208334 0.529106689453125 0.5359674479166666 0.535281494140625 0.5406494140625 0.57560009765625 0.5456536458333333 0.64594580078125 0.5474296875 0.664955078125 0.5606673177083333 0.664591796875 0.5566315104166667 0.65018359375
1 0.6077744140625 0.537798583984375 0.602458984375 0.537020751953125 0.5773076171875 0.66293798828125 0.5848271484374999 0.6637158203125 0.6077744140625 0.537798583984375
1 0.5793544921875 0.58755078125 0.5746090494791667 0.587955322265625 0.5808642578125 0.640854248046875 0.5846826171875 0.663314697265625 0.5888919270833334 0.663051513671875 0.5793544921875 0.58755078125
1 0.6180166015625 0.61441650390625 0.6233277994791667 0.543407470703125 0.6243489583333334 0.52517626953125 0.61852734375 0.524333740234375 0.6113779296875 0.624987548828125 0.6095397135416667 0.66167919921875 0.61433984375 0.661449462890625 0.6180166015625 0.61441650390625
1 0.63158203125 0.607357421875 0.6474557291666666 0.526243896484375 0.6406057942708333 0.52445703125 0.6251920572916666 0.599253662109375 0.6142529296875 0.660814208984375 0.6224576822916666 0.660404052734375 0.63158203125 0.607357421875
1 0.673666015625 0.546031982421875 0.6817991536458333 0.47021826171875 0.6725039062499999 0.4700439453125 0.6576318359375 0.588034423828125 0.6471748046875 0.656179443359375 0.6597233072916667 0.65426220703125 0.673666015625 0.546031982421875
1 0.652287109375 0.52808056640625 0.6471748046875 0.527383544921875 0.63160546875 0.614177001953125 0.6292815755208333 0.658968017578125 0.6376471354166667 0.658096435546875 0.652287109375 0.52808056640625