0 0.15578463541666668 0.8738950122070313 0.21577791927083334 0.9278291875 0.318907234375 0.9750405844726563 0.4369543821614583 0.9940312153320312 0.5405053118489583 0.9834585302734375 0.616695912109375 0.9488476103515625 0.6586674798177083 0.8929857548828125 0.6657352415364584 0.8588136362304688 0.6620143020833333 0.8246960166015626 0.787221173828125 0.6635773032226563 0.8280094856770833 0.6512945415039062 0.8521333294270833 0.6306336513671875 0.8784317194010417 0.5850260844726562 0.8781140123697916 0.544145720703125 0.867002412109375 0.5203661391601563 0.83664553125 0.4937693891601562 0.7548430279947916 0.4528535200195313 0.6675288059895833 0.418229599609375 0.5684299739583333 0.39263124755859374 0.4927180872395833 0.3762759897460938 0.41391915885416664 0.3643576103515625 0.3138966822916667 0.35876899462890627 0.24617667447916666 0.3749536953125 0.20884270703125 0.4113009697265625 0.1906012473958333 0.462812931640625 0.1949516171875 0.4848064208984375 0.21383473177083334 0.51188825 0.17958237955729164 0.6970598549804687 0.14615505924479166 0.7287223178710938 0.12829852408854167 0.7622687192382812 0.12166356510416666 0.819526533203125 0.15578463541666668 0.8738950122070313
1 0.7516856158854166 0.47582176025390627 0.732404509765625 0.5044204365234375 0.7114610032552083 0.53917759375 0.7216993287760416 0.54236587890625 0.7217909850260417 0.5377008286132813 0.7281200566406251 0.52494143359375 0.7519929973958334 0.49066103271484374 0.7613100266927083 0.481204671875 0.7516856158854166 0.47582176025390627
1 0.6637303600260417 0.5402467314453125 0.6951353307291667 0.5103723999023437 0.6903681204427082 0.5075748247070313 0.6593366809895833 0.537305232421875 0.6475056653645833 0.5527133583984375 0.6475768444010417 0.5606989418945313 0.6637303600260417 0.5402467314453125
1 0.5900979335937501 0.5322161020507813 0.5986175234375 0.5342841606445312 0.6125157259114583 0.5095348071289062 0.63236507421875 0.48107406591796875 0.654110525390625 0.45776088671875 0.646981599609375 0.4546241079101562 0.6061342877604167 0.5061107958984375 0.5900979335937501 0.5322161020507813
1 0.2944016067708333 0.3586776220703125 0.2827157623697917 0.3581515581054687 0.28309966536458336 0.44077372021484373 0.28903543424479167 0.44551558349609377 0.2944016067708333 0.3586776220703125
1 0.42789451302083337 0.5072824057617188 0.43589494921875 0.5092244443359375 0.43813316015625 0.4955727880859375 0.44620652929687504 0.4754148984375 0.47527710351562497 0.3992823603515625 0.4674238977864584 0.39803626220703126 0.43293556640624997 0.48803882177734376 0.42789451302083337 0.5072824057617188
1 0.37840110481770833 0.4392709453125 0.373850541015625 0.46290913037109377 0.376801619140625 0.487012748046875 0.38267104101562505 0.48759013623046876 0.38241515885416666 0.45549763330078125 0.38550702408854165 0.43048852392578124 0.39982561718750004 0.39176547412109375 0.3937296705729167 0.39011626171875 0.37840110481770833 0.4392709453125
1 0.48482088606770835 0.4532795693359375 0.47502051367187503 0.48344762451171874 0.4746394928385416 0.49828260009765624 0.48080532682291666 0.49684288427734374 0.4812959479166667 0.48252370263671873 0.4965490670572917 0.4402201279296875 0.5127050299479167 0.40351961865234376 0.5080540618489583 0.4021457841796875 0.48482088606770835 0.4532795693359375
1 0.5404988606770833 0.4931583559570312 0.5630929563802084 0.4785981538085938 0.5597635930989583 0.4748009990234375 0.5497229016927083 0.48133115869140625 0.5350955345052083 0.488154234375 0.522778421875 0.49395592919921877 0.5098896145833333 0.499442966796875 0.4961817395833333 0.5063136147460937 0.4779287688802083 0.518938609375 0.48427525716145836 0.5217098315429688 0.5015522356770833 0.5097273369140625 0.5404988606770833 0.4931583559570312
1 0.51852909765625 0.46619822216796875 0.514134396484375 0.46214246533203124 0.48661498697916666 0.481133541015625 0.45265540624999995 0.5064737319335938 0.44767338085937497 0.511594369140625 0.4531113580729167 0.5148483325195312 0.46915509440104164 0.5013358129882812 0.477547673828125 0.4937023134765625 0.506760517578125 0.4745946572265625 0.51852909765625 0.46619822216796875
1 0.49020772265625 0.49765459033203124 0.5285996940104166 0.4679395 0.5236440664062499 0.4640990922851562 0.48812409375 0.4925771391601563 0.46198185221354165 0.5166500610351562 0.46726300390625 0.519162681640625 0.49020772265625 0.49765459033203124
1 0.6915304147135416 0.47707082666015627 0.6096385078125001 0.4979849892578125 0.5779171901041666 0.5085713217773438 0.5793396796875 0.5124332470703125 0.6935812135416667 0.480557876953125 0.6915304147135416 0.47707082666015627
1 0.553637146484375 0.502864197265625 0.5688850260416667 0.48155066650390627 0.573907712890625 0.4764529755859375 0.568992859375 0.47450205126953127 0.562316919921875 0.483114767578125 0.5386583561197916 0.5175469418945312 0.5308116054687501 0.5309288754882813 0.5374035833333334 0.5305076538085938 0.553637146484375 0.502864197265625
1 0.4560924290364583 0.5147584409179687 0.462275935546875 0.5132217407226562 0.448870158203125 0.4768291000976563 0.44388808528645834 0.4506277377929688 0.43095795768229167 0.4532883154296875 0.4471735716145833 0.488706236328125 0.454379642578125 0.5044012026367187 0.4560924290364583 0.5147584409179687