0 0.36315247395833333 0.8662418583984375 0.36360253645833335 0.8807746694335937 0.38052724218749995 0.9082328979492188 0.4183998209635416 0.93465203515625 0.470728072265625 0.9549755537109375 0.531039673828125 0.9673390263671875 0.615118587890625 0.9693739487304688 0.6782751686197916 0.9558593173828125 0.7160840266927083 0.9343213979492188 0.724830984375 0.918075763671875 0.7258408261718751 0.902000732421875 0.7200321119791666 0.8770824995117188 0.7130340410156251 0.865815662109375 0.7053779622395834 0.859660580078125 0.7303083268229167 0.7162435932617187 0.7448900820312501 0.7102693125 0.7507762779947916 0.7002389389648438 0.7507528489583333 0.678268634765625 0.7497304212239584 0.6691506372070313 0.7422436979166666 0.6608446665039063 0.7409602669270834 0.652287845703125 0.7348056536458333 0.6450314033203125 0.7210792552083333 0.6369194560546875 0.6898260735677083 0.6258649321289063 0.6459710859375 0.614311029296875 0.59957792578125 0.6062862534179687 0.55445689453125 0.6008240991210938 0.50390640234375 0.5972407866210937 0.45304957812499996 0.5974560727539062 0.4093111178385416 0.6033152094726563 0.38301946744791665 0.6146128491210937 0.38050649544270837 0.6232784638671875 0.37136402343749997 0.6324016176757813 0.3671889557291667 0.6614145747070312 0.37428610677083335 0.6723015766601562 0.38511203125 0.6811561381835938 0.389931392578125 0.8237838911132812 0.3769669140625 0.836551650390625 0.36934082682291663 0.8506439501953125 0.36315247395833333 0.8662418583984375
1 0.4723187662760417 0.5904370322265625 0.460249783203125 0.6456316313476562 0.4591756796875 0.6549513081054688 0.466105416015625 0.6563456469726563 0.4698248404947916 0.6303140400390626 0.47506239908854164 0.6066334741210937 0.49577845442708335 0.5251825180664063 0.48677271223958335 0.5236027641601563 0.4723187662760417 0.5904370322265625
1 0.48558467513020837 0.5845127822265626 0.5129686783854167 0.5275933505859375 0.5073656399739583 0.525459037109375 0.4829966022135417 0.577854947265625 0.45090313151041667 0.6523267548828126 0.4562481184895833 0.6537843686523438 0.48558467513020837 0.5845127822265626
1 0.5313321295572917 0.56673320703125 0.49441828190104165 0.6620155014648438 0.5011911588541667 0.6635563217773438 0.545243458984375 0.5463464677734375 0.5397064277343749 0.5425242529296875 0.5313321295572917 0.56673320703125
1 0.5628403014322917 0.5440704692382813 0.5542205709635416 0.543092630859375 0.5286892486979167 0.66726015234375 0.5357671145833333 0.6683080185546875 0.5628403014322917 0.5440704692382813
1 0.5813011575520833 0.5842603872070312 0.5827273743489584 0.6545594057617188 0.5835371725260416 0.6735939716796875 0.5968130494791667 0.6744173041992187 0.593505603515625 0.659749353515625 0.5925367220052083 0.5995156318359375 0.5880361165364584 0.5384835458984375 0.5786672259114584 0.5438063037109375 0.5813011575520833 0.5842603872070312
1 0.6504529231770834 0.5527285947265625 0.645169216796875 0.55148078125 0.6135624446614584 0.6742635341796875 0.6210535377604166 0.6757084970703126 0.6504529231770834 0.5527285947265625
1 0.6182499798177084 0.6526530986328125 0.6209292356770834 0.6752972651367187 0.6251582337239584 0.675412439453125 0.6194548053385417 0.599589134765625 0.6146816712239583 0.5995663696289063 0.6182499798177084 0.6526530986328125
1 0.6459067408854167 0.6758966416015625 0.6507257350260417 0.676097875 0.6568052115885417 0.6297242749023437 0.665743609375 0.5596892670898438 0.6676955221354167 0.5416775102539062 0.6619081738281251 0.5403201772460937 0.649617845703125 0.6396272338867187 0.6459067408854167 0.6758966416015625
1 0.6707506569010416 0.62392817578125 0.69078231640625 0.54480445703125 0.6840132467447916 0.5424174438476562 0.6647642018229166 0.615309796875 0.6506710696614583 0.675459310546875 0.65890895703125 0.6757859233398438 0.6707506569010416 0.62392817578125
1 0.7160230826822916 0.5667979194335937 0.728032517578125 0.4922443984375 0.7187323014322917 0.49123987890625 0.6978241679687499 0.6070710205078125 0.683878244140625 0.673801861328125 0.6965431699218749 0.673020517578125 0.7160230826822916 0.5667979194335937
1 0.6704265397135417 0.63070193359375 0.6658162141927083 0.6749703525390625 0.6742386666666667 0.674853166015625 0.6955272838541666 0.5470603715820312 0.6904428860677084 0.5459109697265625 0.6704265397135417 0.63070193359375