0 0.2450048828125 0.58290576171875 0.27762467447916667 0.61774169921875 0.30737109375 0.781284912109375 0.2918072916666667 0.808143310546875 0.28345117187499996 0.84228076171875 0.3006715494791667 0.887122802734375 0.35279264322916665 0.936584716796875 0.4322154947916667 0.966102294921875 0.5310224609374999 0.976830322265625 0.627935546875 0.9653046875 0.7055852864583333 0.936052978515625 0.7516787109375 0.896962158203125 0.7690260416666667 0.852147705078125 0.7616067708333333 0.811068603515625 0.7427138671875001 0.784872802734375 0.7775621744791666 0.619603271484375 0.7977724609375 0.6068388671875 0.811955078125 0.58822412109375 0.8123095703125 0.5616318359375 0.8001217447916668 0.515773681640625 0.7626702473958332 0.48743896484375 0.6942392578125 0.4680263671875 0.6137529296875001 0.457389404296875 0.5262386067708333 0.453880859375 0.4251240234375 0.4592509765625 0.3400283203125 0.472547119140625 0.2659241536458333 0.50233056640625 0.24476822916666666 0.543185791015625 0.2450048828125 0.58290576171875
1 0.7256315104166666 0.48945361328125 0.7189664713541667 0.489236328125 0.6960732421875 0.565523193359375 0.7009996744791667 0.565523193359375 0.7256315104166666 0.48945361328125
1 0.6555026041666666 0.503363525390625 0.6482578125 0.503363525390625 0.6331888020833333 0.550526611328125 0.630291015625 0.565523193359375 0.6346380208333333 0.565957763671875 0.6555026041666666 0.503363525390625
1 0.4538095703125 0.505754150390625 0.4477239583333333 0.5068408203125 0.4625032552083333 0.57247802734375 0.46945800781249997 0.57356494140625 0.4538095703125 0.505754150390625
1 0.5888033854166667 0.524626220703125 0.6004417317708334 0.48871875 0.5960706380208333 0.48786083984375 0.5836451822916667 0.52502294921875 0.5782229817708333 0.539108154296875 0.5633245442708333 0.57066796875 0.5688304036458333 0.573927978515625 0.5888033854166667 0.524626220703125
1 0.28315234375000004 0.48067236328125 0.27647233072916666 0.48234228515625 0.32434472656249996 0.556795166015625 0.33065364583333334 0.557908447265625 0.28315234375000004 0.48067236328125
1 0.35366210937500003 0.5007119140625 0.3497652994791667 0.50001611328125 0.355888671875 0.538425537109375 0.356259765625 0.563474853515625 0.3644241536458333 0.5655625 0.35366210937500003 0.5007119140625
1 0.360341796875 0.4962587890625 0.35291992187500004 0.49584130859375 0.35811523437500004 0.528544677734375 0.3633108723958333 0.555125 0.3646097005208333 0.53244140625 0.360341796875 0.4962587890625
1 0.421759765625 0.559300048828125 0.424728515625 0.558047607421875 0.40042122395833335 0.4957021484375 0.3933701171875 0.49598046875 0.421759765625 0.559300048828125
1 0.6977880859375 0.547699951171875 0.6868291015625 0.533353759765625 0.6629186197916667 0.503166748046875 0.65853515625 0.504511474609375 0.6840397135416666 0.536790771484375 0.70296875 0.5656328125 0.7081494140625 0.564586669921875 0.6977880859375 0.547699951171875
1 0.582619140625 0.566828369140625 0.5931796875 0.5494931640625 0.6111126302083333 0.526329833984375 0.6055335286458333 0.5215478515625 0.5889954427083334 0.544711181640625 0.5754459635416667 0.571162109375 0.5750475260416666 0.576392578125 0.5806266276041666 0.5759443359375 0.582619140625 0.566828369140625
1 0.5192054036458333 0.55526123046875 0.5443108723958333 0.509790771484375 0.5346959635416667 0.5067861328125 0.5168017578125 0.544444580078125 0.498373046875 0.577495849609375 0.5039817708333333 0.57909814453125 0.5192054036458333 0.55526123046875
1 0.5776959635416666 0.51620068359375 0.5768948567708333 0.543643310546875 0.5803668619791666 0.532025146484375 0.5835719401041667 0.47573779296875 0.5787643229166667 0.475938232421875 0.5776959635416666 0.51620068359375
1 0.6003977864583333 0.542040771484375 0.6028017578125 0.51980615234375 0.6036028645833333 0.489559326171875 0.5995966796875 0.49096142578125 0.5974599609375 0.528419677734375 0.5939879557291666 0.5560625 0.5931868489583333 0.55846630859375 0.5982613932291666 0.56026904296875 0.6003977864583333 0.542040771484375
1 0.5346959635416667 0.55025341796875 0.5341617838541667 0.532826416015625 0.5285530598958333 0.540238037109375 0.5285530598958333 0.554860595703125 0.52668359375 0.56687939453125 0.5320250651041667 0.567880859375 0.5346959635416667 0.55025341796875