0 0.345457470703125 0.3187763388671875 0.36873401106770837 0.34430806591796875 0.4088948098958333 0.35582358935546876 0.463274671875 0.36179002978515623 0.5177852330729167 0.35974958935546875 0.5790369778645833 0.3523893701171875 0.6302208333333333 0.338581712890625 0.6663325592447916 0.3161007724609375 0.6717899798177083 0.294588201171875 0.6695755833333333 0.2737103432617187 0.6647130078125 0.26051457568359376 0.6473576692708333 0.24828528759765625 0.60976408203125 0.13093853466796876 0.6211558580729167 0.10613265087890625 0.6200168411458333 0.0794802578125 0.6016101184895833 0.054637435546875 0.5640514348958333 0.03608759326171875 0.5179699869791666 0.02589849951171875 0.482400328125 0.0241200166015625 0.45452553580729166 0.0233568349609375 0.39428591015625 0.032640759765625 0.34680610026041664 0.0513347822265625 0.31409031966145834 0.0772950947265625 0.30609099739583334 0.1078369365234375 0.31620510807291663 0.1317044189453125 0.33664288085937505 0.1528615732421875 0.351865625 0.27063491357421876 0.339365294921875 0.2892047192382812 0.345457470703125 0.3187763388671875
1 0.49359231640624995 0.28647030419921876 0.48296302018229165 0.2873438203125 0.4838424713541667 0.3322998330078125 0.4854106028645833 0.394903732421875 0.49273086002604166 0.39510726611328123 0.4904526744791667 0.33863960107421875 0.4898636595052083 0.31206657470703125 0.49101321549479165 0.29344293212890626 0.49359231640624995 0.28647030419921876
1 0.6178306809895834 0.38535937353515626 0.608995826171875 0.33132504443359373 0.5993914915364583 0.281449009765625 0.5917356302083333 0.279711259765625 0.602864302734375 0.33740969921875 0.610325716796875 0.38601771923828126 0.6178306809895834 0.38535937353515626
1 0.565101998046875 0.3677565717773438 0.5623629713541667 0.27847823486328127 0.5566053079427083 0.27774213525390623 0.5586693235677084 0.36819958447265627 0.565101998046875 0.3677565717773438
1 0.5038713509114584 0.37013317431640624 0.49566735677083334 0.3300698681640625 0.49237851302083335 0.30821278125 0.492449296875 0.29744933154296876 0.49019696028645837 0.316148921875 0.50074701953125 0.3703483442382812 0.5038713509114584 0.37013317431640624
1 0.38313394986979166 0.3998239189453125 0.387330572265625 0.399393416015625 0.38013917513020834 0.357137103515625 0.37472621223958336 0.31277628076171876 0.37065101367187503 0.314614263671875 0.37554371940104164 0.3583029951171875 0.38313394986979166 0.3998239189453125
1 0.43426152278645835 0.28948953515625 0.4358406009114583 0.3169019111328125 0.4352514993489583 0.33546642626953127 0.4305264186197917 0.41271014794921873 0.44052570442708333 0.41484428662109374 0.44331734375 0.32238528076171874 0.44108295638020834 0.2883246904296875 0.43426152278645835 0.28948953515625
1 0.443143203125 0.30352060546875 0.442296158203125 0.3549166015625 0.4458057682291667 0.40071996728515624 0.4511877526041667 0.40087864794921874 0.44496631184895835 0.3139799833984375 0.443143203125 0.30352060546875
1 0.6064308795572917 0.45477772216796875 0.61198803515625 0.453661359375 0.59503662890625 0.29513561572265623 0.592814369140625 0.29528866064453124 0.6064308795572917 0.45477772216796875
1 0.575831724609375 0.4121328984375 0.58032960546875 0.4120677641601562 0.5655834856770833 0.3328697841796875 0.5532373489583333 0.29263513134765623 0.575831724609375 0.4121328984375
1 0.5979618287760416 0.39838022900390624 0.5900763743489583 0.279825779296875 0.58626641796875 0.2800881674804688 0.58936240625 0.36938149658203123 0.5932517265625 0.39894899365234376 0.5979618287760416 0.39838022900390624