0 0.37235644531249995 0.65044921875 0.3245885416666667 0.66043359375 0.30204915364583335 0.67334130859375 0.29006770833333334 0.68943310546875 0.28728125 0.718899658203125 0.2998199869791667 0.7329013671875 0.3126376953125 0.88608544921875 0.28986328125 0.915241455078125 0.2847734375 0.9496162109375 0.3115830078125 0.979193603515625 0.35554882812500005 0.999755859375 0.5854293619791667 0.999755859375 0.631166015625 0.977142333984375 0.6503531901041667 0.9435556640625 0.6444781901041666 0.915033935546875 0.629455078125 0.89423583984375 0.647845703125 0.7416787109375 0.6662360026041666 0.7260048828125 0.6651214192708333 0.699046142578125 0.65544140625 0.687890625 0.6534182942708333 0.67668505859375 0.6223561197916666 0.6624892578125 0.57204296875 0.65353271484375 0.5180100911458333 0.648246826171875 0.4536311848958334 0.647009521484375 0.37235644531249995 0.65044921875
1 0.3784436848958333 0.666036376953125 0.35693326822916666 0.61567041015625 0.3478395182291667 0.618293701171875 0.36934993489583334 0.666036376953125 0.39295898437500004 0.702761474609375 0.3994293619791667 0.703417236328125 0.3784436848958333 0.666036376953125
1 0.4036266276041667 0.64937890625 0.41761718750000004 0.609112548828125 0.4291591796875 0.57737158203125 0.42111490885416664 0.575797607421875 0.39558203125 0.644788330078125 0.3714485677083333 0.69961376953125 0.38124186197916665 0.701056396484375 0.4036266276041667 0.64937890625
1 0.4401767578125 0.648198486328125 0.43580468749999995 0.64282080078125 0.4256617838541667 0.66013427734375 0.40747395833333333 0.693448974609375 0.402052734375 0.70302392578125 0.41167122395833333 0.704466552734375 0.4401767578125 0.648198486328125
1 0.4473470052083333 0.678234375 0.42811002604166665 0.61304736328125 0.4114964192708333 0.551401611328125 0.4038014322916667 0.553762451171875 0.4251370442708333 0.631803466796875 0.44349967447916666 0.689251953125 0.4485712890625 0.701712158203125 0.4562659505208333 0.69790869140625 0.4473470052083333 0.678234375
1 0.4608128255208333 0.603603759765625 0.45346777343750005 0.6005869140625 0.43877766927083334 0.646755615234375 0.41954101562499996 0.703810791015625 0.42653613281249997 0.705384765625 0.4608128255208333 0.603603759765625
1 0.35693326822916666 0.64111572265625 0.35081249999999997 0.642296142578125 0.3623544921875 0.697646240234375 0.36882519531249996 0.696990478515625 0.35693326822916666 0.64111572265625
1 0.37879329427083336 0.680464111328125 0.3835152994791667 0.663806640625 0.38736263020833334 0.634164306640625 0.3807171223958334 0.628655517578125 0.37634505208333335 0.658822509765625 0.36882519531249996 0.691743896484375 0.37547070312499997 0.691875244140625 0.37879329427083336 0.680464111328125
1 0.46063802083333333 0.652657958984375 0.45941373697916665 0.638623779296875 0.44752180989583334 0.67797216796875 0.44000195312499996 0.70604052734375 0.4469973958333333 0.706958740234375 0.46063802083333333 0.652657958984375
1 0.5795696614583333 0.600795166015625 0.5719192708333333 0.603873779296875 0.5752779947916666 0.696379150390625 0.5816220703125 0.695399658203125 0.5795696614583333 0.600795166015625
1 0.5549388020833333 0.6070927734375 0.5469153645833333 0.60779248046875 0.5502740885416667 0.705055908203125 0.558484375 0.7021171875 0.5549388020833333 0.6070927734375
1 0.5056774088541667 0.666150634765625 0.5196722005208333 0.608912109375 0.5230309244791667 0.598135986328125 0.5142607421875 0.598835693359375 0.4903763020833333 0.6898017578125 0.4844052734375 0.707574951171875 0.491869140625 0.708134765625 0.5056774088541667 0.666150634765625
1 0.4883238932291667 0.608212158203125 0.4814195963541667 0.605833251953125 0.4711569010416667 0.653275390625 0.4705970052083333 0.6619521484375 0.4704104817708334 0.684483642578125 0.4883238932291667 0.608212158203125
1 0.5312412109375 0.629344482421875 0.5323606770833333 0.62150732421875 0.5263896484375 0.619548095703125 0.516873046875 0.66768994140625 0.5090361328125 0.6998779296875 0.508849609375 0.70281689453125 0.5159401041666667 0.700017822265625 0.5312412109375 0.629344482421875
1 0.5948704427083333 0.639140625 0.6045735677083334 0.601074951171875 0.6079322916666666 0.5856806640625 0.6004684244791666 0.5828818359375 0.5924449869791667 0.61562939453125 0.5812490234375 0.6555146484375 0.5849811197916667 0.666850341796875 0.5948704427083333 0.639140625
1 0.6051334635416666 0.64249951171875 0.6155830078125 0.5810625 0.6084921875 0.58176220703125 0.6015882161458334 0.614090087890625 0.5944973958333334 0.652015869140625 0.5890862630208333 0.6934404296875 0.5982294921875 0.6962392578125 0.6051334635416666 0.64249951171875