0 0.46376855468749995 0.35850537109375 0.3841005859375 0.365370361328125 0.28680436197916664 0.38316845703125 0.22894563802083334 0.414233154296875 0.20805664062499998 0.4574736328125 0.21139876302083335 0.5107412109375 0.224361328125 0.530678466796875 0.25317708333333333 0.552101806640625 0.2949557291666667 0.7363447265625 0.2758987630208333 0.77422119140625 0.27239518229166665 0.81029248046875 0.2890735677083333 0.8663486328125 0.34332324218750004 0.91023291015625 0.4219853515625 0.947723388671875 0.5389417317708333 0.968841552734375 0.6587467447916667 0.959638916015625 0.7529088541666668 0.925635986328125 0.8114208984375 0.8750673828125 0.8288837890625 0.812172607421875 0.8218834635416666 0.777999267578125 0.8046523437499999 0.74637158203125 0.8589641927083332 0.5640087890625 0.8927955729166667 0.542884765625 0.9074274088541667 0.517634765625 0.9141119791666666 0.468127197265625 0.897400390625 0.429273193359375 0.8772955729166667 0.409197998046875 0.8377708333333334 0.390888671875 0.7436087239583333 0.370835693359375 0.646734375 0.358048095703125 0.5422838541666667 0.356578857421875 0.46376855468749995 0.35850537109375
1 0.7462571614583333 0.45926953125 0.7471500651041666 0.44565673828125 0.7560764973958333 0.407495849609375 0.761134765625 0.396337646484375 0.7498277994791667 0.3934365234375 0.7429843749999999 0.425125732421875 0.7370332031250001 0.4630634765625 0.7480426432291667 0.46373291015625 0.7462571614583333 0.45926953125
1 0.6921031901041667 0.4751142578125 0.7099560546875 0.439407958984375 0.704302734375 0.437845947265625 0.6867470703124999 0.473328857421875 0.6816888020833334 0.490735595703125 0.6849619140625 0.4983232421875 0.6921031901041667 0.4751142578125
1 0.6311051432291667 0.45770751953125 0.6385439453125 0.426018310546875 0.6498509114583334 0.39879248046875 0.6418170572916667 0.397453369140625 0.6236663411458333 0.455922119140625 0.6189055989583333 0.484487060546875 0.62783203125 0.484487060546875 0.6311051432291667 0.45770751953125
1 0.26824121093750003 0.387587646484375 0.2569248046875 0.389787841796875 0.2904547526041667 0.468374267578125 0.2979990234375 0.471517578125 0.26824121093750003 0.387587646484375
1 0.4597822265625 0.48472021484375 0.4593629557291667 0.4636591796875 0.4564290364583334 0.384444091796875 0.4484658203125 0.38507275390625 0.4518186848958334 0.47874755859375 0.4547526041666667 0.498237060546875 0.46313509114583334 0.498237060546875 0.4597822265625 0.48472021484375
1 0.39074609375 0.4594384765625 0.3836455078125 0.434909423828125 0.38170898437499995 0.3947265625 0.37525390625 0.394565185546875 0.38041796875 0.444914794921875 0.38558203125 0.4684755859375 0.39806184895833335 0.49074560546875 0.4038714192708333 0.489938720703125 0.39074609375 0.4594384765625
1 0.49556249999999996 0.462317626953125 0.49307682291666666 0.41850927734375 0.4936982421875 0.37982763671875 0.4887268880208333 0.379594482421875 0.48717350260416664 0.43365576171875 0.4899697265625 0.46464794921875 0.49556249999999996 0.4788623046875 0.5008440755208333 0.476066162109375 0.49556249999999996 0.462317626953125
1 0.5257320963541666 0.48353955078125 0.5560927734375 0.458759765625 0.5717197265625 0.439672607421875 0.5670315755208334 0.436826416015625 0.5601110026041667 0.445365478515625 0.54894921875 0.45524365234375 0.5395729166666666 0.463615234375 0.5295270182291667 0.4718193359375 0.5192581380208333 0.4815302734375 0.5069798177083333 0.497771240234375 0.5141233723958333 0.498943115234375 0.5257320963541666 0.48353955078125
1 0.491576171875 0.483037353515625 0.49648763020833336 0.47382861328125 0.5165791015625 0.44888134765625 0.524392578125 0.438165771484375 0.5185882161458334 0.435319580078125 0.5000592447916666 0.459764404296875 0.47795865885416666 0.49174365234375 0.4752796223958333 0.497771240234375 0.48175358072916663 0.49961279296875 0.491576171875 0.483037353515625
1 0.5101051432291667 0.474665771484375 0.5346617838541666 0.43749609375 0.5284108072916667 0.434984619140625 0.5060869140625001 0.4703125 0.49090657552083333 0.499278076171875 0.4969339192708333 0.500449951171875 0.5101051432291667 0.474665771484375
1 0.6007408854166667 0.468135986328125 0.6965113932291667 0.411376953125 0.6931627604166667 0.408530517578125 0.6237347005208334 0.44737451171875 0.5978388671875 0.464787353515625 0.6007408854166667 0.468135986328125
1 0.5727952473958333 0.44415283203125 0.5641334635416667 0.48240869140625 0.5620481770833333 0.496965087890625 0.5681435546875 0.495040283203125 0.5724742838541667 0.464965087890625 0.5784091796875 0.441145263671875 0.5811360677083334 0.435130126953125 0.5756822916666667 0.434408447265625 0.5727952473958333 0.44415283203125
1 0.4624619140625 0.46439013671875 0.4472099609375 0.440592041015625 0.435990234375 0.4461142578125 0.4656171875 0.476092041015625 0.4787652994791667 0.48937158203125 0.48455045572916666 0.498838134765625 0.4898098958333333 0.495945556640625 0.4624619140625 0.46439013671875