0 0.6732305227864583 0.171962009765625 0.6533301015625 0.1254475283203125 0.6044800989583333 0.08628426513671875 0.517282279296875 0.05914446435546875 0.4104501627604167 0.05240107568359375 0.3104459407552083 0.0690283564453125 0.232632962890625 0.097052044921875 0.18563540364583334 0.13418982373046875 0.16402745377604167 0.1786708291015625 0.17313307356770835 0.22675890087890624 0.20533165755208335 0.26652773486328124 0.1954113723958333 0.464895109375 0.17591036197916665 0.4864679306640625 0.18293485091145834 0.5346314428710938 0.19745389322916665 0.5474876342773437 0.204954591796875 0.5629608408203125 0.25466160807291666 0.582016740234375 0.3276258489583333 0.589597984375 0.394289017578125 0.5922912431640625 0.4801481373697916 0.5891687631835938 0.556285658203125 0.5832506352539063 0.6312366373697916 0.5714708525390625 0.7150525462239584 0.550314669921875 0.7424285677083334 0.5382968813476563 0.75700509765625 0.52398896875 0.7561484296875 0.5118169213867187 0.7675013997395833 0.4921150224609375 0.7600581888020833 0.44947771142578125 0.749136990234375 0.43609708740234376 0.7253402115885416 0.4243657255859375 0.6581585123697916 0.22801493359375 0.6732305227864583 0.171962009765625
1 0.4016240305989583 0.496438751953125 0.39418550325520835 0.4973405361328125 0.3986141490885417 0.5604612607421875 0.40716173763020835 0.5582566157226563 0.4016240305989583 0.496438751953125
1 0.29775635481770835 0.5133143251953125 0.3136223053385417 0.5886438852539062 0.32479822135416664 0.5874483041992188 0.30507023958333335 0.5113124243164062 0.29775635481770835 0.5133143251953125
1 0.42263905924479167 0.5857838706054688 0.431168861328125 0.583422240234375 0.41624901236979167 0.5367796625976563 0.4086835670572917 0.5032835458984375 0.40164960546875 0.5059065302734375 0.42263905924479167 0.5857838706054688
1 0.4416912688802083 0.526543560546875 0.43491410026041666 0.5277368017578125 0.4565500950520833 0.5892849658203125 0.46270150520833336 0.5881144819335937 0.4416912688802083 0.526543560546875
1 0.45465544661458335 0.5244940498046875 0.4491297962239584 0.5256417763671875 0.45480768619791667 0.5554192026367187 0.46248781966145835 0.5862284624023437 0.46891879947916665 0.5856788291015625 0.46057730664062496 0.5545781123046875 0.45465544661458335 0.5244940498046875
1 0.49634106835937497 0.4898149794921875 0.488659302734375 0.49047123779296875 0.53628975390625 0.5884548725585937 0.5459649635416667 0.5877258720703125 0.49634106835937497 0.4898149794921875
1 0.468227041015625 0.4912143076171875 0.46187635611979166 0.49257618798828123 0.4827334264322916 0.5265015654296875 0.489105685546875 0.5253272241210938 0.468227041015625 0.4912143076171875
1 0.555026853515625 0.5285849379882812 0.546247970703125 0.5306005864257812 0.586236404296875 0.6052996323242188 0.5926086907552083 0.60412553515625 0.555026853515625 0.5285849379882812
1 0.6283107486979167 0.48940029052734374 0.6192121588541667 0.4886861982421875 0.6547125553385417 0.566307263671875 0.6660519544270833 0.5653723852539062 0.6283107486979167 0.48940029052734374
1 0.6303576582031251 0.5227722631835937 0.6259262740885417 0.5234559140625 0.6416878333333333 0.6044080327148438 0.6512707506510417 0.6032757866210937 0.6303576582031251 0.5227722631835937
1 0.62305276171875 0.6113571298828125 0.6280568515625 0.6096071748046875 0.59700068359375 0.5252918500976562 0.5907918190104167 0.5286533442382813 0.62305276171875 0.6113571298828125
1 0.6925517916666667 0.5176362177734375 0.6846074446614584 0.5179251337890625 0.6993872337239583 0.608581037109375 0.7073020755208334 0.608031703125 0.6925517916666667 0.5176362177734375
1 0.4942419524739583 0.604021865234375 0.5000841302083333 0.603547908203125 0.4720861295572916 0.5217343212890625 0.4658982916666667 0.5222208486328125 0.4942419524739583 0.604021865234375