0 0.5301706790364583 1 0.5501170501302083 0.9784314970703125 0.5538972506510417 0.9520000112304687 0.5450619544270833 0.9258065541992188 0.5940271608072917 0.813600748046875 0.61246153125 0.8036265083007812 0.6185978444010417 0.791090109375 0.62287074609375 0.7705544619140625 0.6195954967447916 0.7484043090820313 0.5860041829427084 0.7213664067382812 0.5365972773437501 0.701048896484375 0.47656084765625 0.6858724887695312 0.42268342317708335 0.6768633657226563 0.36813950390625 0.6758552631835938 0.32715064778645836 0.6821998715820312 0.30151908658854165 0.7046814331054687 0.29253455013020835 0.7333901728515625 0.3030897330729167 0.7535069770507813 0.27627638216145833 0.8690004384765625 0.25389616666666665 0.8874829765625 0.24148862890625 0.9099890751953125 0.24638789388020832 0.9414682587890625 0.276264095703125 0.971541220703125 0.321510318359375 0.9962573930664063 0.3344909440104167 1 0.5301706790364583 1
1 0.4473449563802083 0.703425830078125 0.45522000651041666 0.6474089184570313 0.44793728906249997 0.6466752768554688 0.440156533203125 0.7089019638671875 0.43481383528645834 0.7536186547851562 0.44527237760416666 0.7558496879882812 0.44340695442708333 0.748566740234375 0.44411830859374996 0.7298485439453125 0.4473449563802083 0.703425830078125
1 0.5419689733072917 0.775146765625 0.5497371998697916 0.7743934584960938 0.564225138671875 0.7258869409179688 0.5783631490885417 0.6731354057617187 0.5709828834635416 0.6715186826171875 0.5587470358072917 0.71903494140625 0.5419689733072917 0.775146765625
1 0.5127055436197917 0.7726181831054687 0.5243003177083333 0.6839421059570312 0.5179624674479166 0.6826773041992188 0.5069201315104167 0.7726155336914062 0.5127055436197917 0.7726181831054687
1 0.445230076171875 0.7447553823242188 0.44623011263020834 0.7340132348632813 0.45166635156249996 0.7126385922851562 0.4637892747395833 0.6737379575195312 0.4607109986979167 0.6731236474609374 0.44485490625 0.7258203559570312 0.445230076171875 0.7447553823242188
1 0.32996019921875 0.7144094028320312 0.33974144401041667 0.67086626953125 0.35107782421875 0.6296492563476562 0.34695713216145835 0.6286830239257812 0.335298189453125 0.6691156938476562 0.3260999251302083 0.7120551958007812 0.32996019921875 0.7144094028320312
1 0.39100244921875 0.7181147827148437 0.3867100924479167 0.7452478037109375 0.39336185937499996 0.747282142578125 0.398965416015625 0.7136035024414062 0.40538944596354165 0.62104809765625 0.3952568756510417 0.6218968427734375 0.392263955078125 0.6995272553710937 0.39100244921875 0.7181147827148437
1 0.414578669921875 0.6363385185546875 0.40922338606770836 0.6358081455078125 0.4011870338541667 0.6810332797851563 0.39691684570312497 0.7323926889648438 0.39976559049479166 0.7221960717773438 0.414578669921875 0.6363385185546875
1 0.5793582070312501 0.6042785200195312 0.5739559186197917 0.602454287109375 0.5445881321614584 0.759751322265625 0.5467776341145834 0.7601882661132813 0.5793582070312501 0.6042785200195312
1 0.543813806640625 0.6417042133789063 0.5393579029947917 0.6410637744140625 0.5050596360677083 0.7573336245117187 0.5213090481770833 0.7187921000976563 0.543813806640625 0.6417042133789063
1 0.5485308151041667 0.6854257993164062 0.53658040625 0.7740711547851562 0.5403342005208334 0.7748202739257812 0.5599458444010417 0.6576091245117187 0.5553294733072917 0.6564393232421875 0.5485308151041667 0.6854257993164062