0 0.1856978600260417 0.5853501494140625 0.1745562421875 0.7522654111328125 0.14889139388020833 0.7742958178710937 0.130381861328125 0.8128687788085938 0.13509114127604166 0.85956122265625 0.16950425195312502 0.9059029458007812 0.237498666015625 0.9484042416992188 0.32920148763020834 0.9771726000976563 0.4288511412760417 0.9846596567382813 0.5146722356770833 0.9703743056640625 0.5792311614583333 0.931759083984375 0.6083643209635416 0.8913063046875 0.6095322552083333 0.8566189970703125 0.6016522877604167 0.82769837109375 0.6755465794270834 0.6741704360351563 0.7170129986979167 0.6462325454101563 0.7281200488281251 0.6076782250976562 0.71859887109375 0.5641426689453125 0.6542204563802083 0.5217674116210937 0.57456926171875 0.49342085986328127 0.477068619140625 0.46987237158203127 0.3904489186197917 0.45741704541015626 0.30875644661458335 0.4531626845703125 0.23646095703125 0.45962130615234376 0.19204530924479168 0.48036584619140626 0.16755980013020833 0.5227183227539063 0.16062575130208334 0.548623197265625 0.1694109453125 0.5692828081054687 0.1856978600260417 0.5853501494140625
1 0.275444505859375 0.5466780693359375 0.28026650000000003 0.5475711381835937 0.278746107421875 0.4692905341796875 0.27216287174479165 0.468293431640625 0.275444505859375 0.5466780693359375
1 0.3459239108072916 0.5443982221679687 0.344087712890625 0.49583654931640625 0.33699650781249996 0.4945232055664063 0.34028033268229163 0.5591304716796875 0.3446541686197917 0.5594962153320312 0.3459239108072916 0.5443982221679687
1 0.49987573046875 0.5964666411132813 0.50698064453125 0.5966712158203125 0.5394182350260417 0.5355685581054688 0.5337591686197917 0.5334093984375 0.49987573046875 0.5964666411132813
1 0.3948998821614584 0.4902738857421875 0.39645995703125 0.5272761865234376 0.4025105911458333 0.5788050751953125 0.40879232617187505 0.5766353237304688 0.402850875 0.5432667924804687 0.40140018294270835 0.5285967856445313 0.39941320768229166 0.490232623046875 0.3948998821614584 0.4902738857421875
1 0.6400242747395833 0.6064153154296875 0.6465042662760417 0.6064771909179687 0.7137471451822917 0.542807203125 0.7076659739583334 0.5399735244140625 0.6400242747395833 0.6064153154296875
1 0.6206586848958333 0.5829084868164063 0.6371688274739583 0.5466948198242187 0.6331641171875 0.5466645341796875 0.6048739934895834 0.6077310581054688 0.6134369010416666 0.6071824716796875 0.6206586848958333 0.5829084868164063
1 0.6211847252604167 0.5729032924804688 0.63522415234375 0.5420661489257812 0.6278453111979166 0.5411263828125 0.6137610071614583 0.5755125493164063 0.6088214830729167 0.5977904077148437 0.6211847252604167 0.5729032924804688
1 0.5955933828125001 0.5348685180664062 0.5887679615885416 0.5333198325195313 0.5479056536458333 0.58949654296875 0.5504685462239584 0.591251759765625 0.5955933828125001 0.5348685180664062
1 0.29812272916666666 0.5179868139648437 0.283468052734375 0.5299408305664063 0.2687027604166667 0.5444719052734375 0.27348716015625 0.5464276337890625 0.299911921875 0.5218323364257812 0.33371393359375 0.49508896142578124 0.32979158658854163 0.4929876069335937 0.29812272916666666 0.5179868139648437
1 0.380927349609375 0.5212519731445312 0.37415720638020833 0.5248873989257813 0.3853678079427083 0.550646884765625 0.39095805859375 0.5694065102539062 0.390412359375 0.57862600390625 0.39575045703125 0.5800729619140625 0.3967925794270833 0.5749181118164063 0.39077266471354166 0.54675859765625 0.380927349609375 0.5212519731445312
1 0.46456885546875 0.5955849326171875 0.47049738802083335 0.5950446840820313 0.46150886783854167 0.559586884765625 0.4543049765625 0.5197490327148437 0.44407122330729165 0.5209257387695313 0.4561945559895833 0.5696620498046875 0.46456885546875 0.5955849326171875
1 0.402691787109375 0.5359953525390625 0.4029091087239583 0.5479145190429687 0.4096388359375 0.521102376953125 0.41961707096354167 0.4817843354492187 0.41496625455729164 0.48071803173828126 0.402691787109375 0.5359953525390625
1 0.3951129694010416 0.49260636083984377 0.3915756119791667 0.49051764794921876 0.38407808984374997 0.5200547241210938 0.3803432109375 0.542096640625 0.377443373046875 0.5601969487304688 0.38290393164062503 0.5593650903320313 0.3827779759114583 0.55688400390625 0.38694824088541663 0.5293931411132813 0.3951129694010416 0.49260636083984377
1 0.44019138476562497 0.5796010014648437 0.445693822265625 0.57959615234375 0.44715476171874996 0.567578185546875 0.45115844986979164 0.5533689575195313 0.4476979459635417 0.5451500815429687 0.44240354036458335 0.56198764453125 0.44019138476562497 0.5796010014648437