0 0.5639075813802084 0.061306533203125 0.5382710377604166 0.04347192041015625 0.490313984375 0.02752731591796875 0.4295651197916666 0.01984612548828125 0.3687320481770833 0.02164929931640625 0.314939431640625 0.03301885205078125 0.28063094596354166 0.05105628466796875 0.2672249563802083 0.07148253271484376 0.2709408919270833 0.09407515283203124 0.2854154759114583 0.111780888671875 0.25912071484375 0.2437331630859375 0.24492697395833332 0.2539490732421875 0.24353846744791666 0.27755673974609374 0.25228723372395834 0.29108020849609373 0.27691181380208335 0.30729228564453126 0.31996911588541666 0.31584294677734376 0.3996943990885417 0.32177455615234374 0.48595510742187503 0.31793845654296876 0.5220630104166667 0.31173364892578126 0.5438562591145834 0.30160523828125 0.5463382760416667 0.29411724169921877 0.5561010169270834 0.2852817397460938 0.5584590345052084 0.261506474609375 0.5527880182291667 0.2546402509765625 0.5440724700520834 0.2495285185546875 0.5487396321614583 0.11965329052734375 0.5641531686197917 0.10479819287109375 0.5727669485677084 0.0825269697265625 0.5639075813802084 0.061306533203125
1 0.33664980338541667 0.2714517001953125 0.3288257923177083 0.2728729135742187 0.33038060937499997 0.37403475927734375 0.3372479674479167 0.3730146303710937 0.33664980338541667 0.2714517001953125
1 0.33725790234375 0.30100460888671876 0.32411430859375 0.34111801806640624 0.3306367083333333 0.34325470654296875 0.3512239368489583 0.27175718701171875 0.34484126953125 0.2716834921875 0.33725790234375 0.30100460888671876
1 0.36356189518229165 0.2708004653320312 0.3567095240885417 0.2716833095703125 0.3666496686197917 0.341197001953125 0.37629746484375 0.3397966015625 0.36356189518229165 0.2708004653320312
1 0.38301726041666667 0.341798111328125 0.38939503125 0.33857373486328124 0.3870567747395834 0.27134640869140625 0.38032427864583335 0.27113121728515627 0.38301726041666667 0.341798111328125
1 0.40618979101562497 0.2717047763671875 0.39917032421875004 0.27244823291015624 0.41520124479166665 0.35975992822265623 0.4220685755208333 0.35874004345703125 0.40618979101562497 0.2717047763671875
1 0.475450912109375 0.28789584619140624 0.5047527799479167 0.32891170458984376 0.508382400390625 0.3274418188476563 0.47564537174479166 0.2760798837890625 0.46976466861979166 0.2764241142578125 0.475450912109375 0.28789584619140624
1 0.4618301087239583 0.3340504306640625 0.4739806731770833 0.3883357197265625 0.4834209563802083 0.39050609765625 0.4645660247395833 0.27553958740234374 0.45444365494791666 0.2745982109375 0.4618301087239583 0.3340504306640625
1 0.4482737115885416 0.421432884765625 0.4578938190104167 0.42195608837890625 0.45868885416666666 0.297596841796875 0.4551407291666667 0.27323192431640625 0.4491075657552083 0.2732997236328125 0.4454723098958333 0.33001371826171877 0.4482737115885416 0.421432884765625
1 0.420719259765625 0.2824541083984375 0.41188808593750004 0.27135843896484374 0.4178052083333333 0.31416543359375 0.424619357421875 0.36715223095703126 0.43296064518229166 0.3660116625976563 0.4274763951822917 0.3376390869140625 0.420719259765625 0.2824541083984375
1 0.4347158671875 0.27299609912109374 0.4282882369791667 0.2733342602539062 0.4361902786458333 0.35148207275390625 0.44208564518229165 0.351000552734375 0.4347158671875 0.27299609912109374