0 0.7999661888020834 0.17712537353515626 0.7942111555989584 0.12911866845703124 0.7578357721354166 0.08437876171875 0.6802215026041667 0.04619361669921875 0.577269318359375 0.02524161328125 0.4740936380208333 0.02798320263671875 0.38933876171875 0.04481763818359375 0.3321539856770833 0.07468172119140624 0.2977341796875 0.11511939453125 0.29241768033854165 0.16320646337890626 0.3122550716145833 0.20629505029296874 0.24367788932291667 0.3982667856445313 0.218122017578125 0.4166642680664063 0.21073863671875 0.46454471240234374 0.221189310546875 0.47902735107421873 0.22396899674479165 0.49511550927734377 0.26714972135416665 0.5203763452148438 0.33658153385416667 0.5375858872070313 0.40127282877604165 0.54918394921875 0.48654709440104166 0.5576985908203125 0.5630999661458334 0.562180279296875 0.6402256158854166 0.5607901206054687 0.7288410325520833 0.5514560561523437 0.7592995182291666 0.5434299140625 0.7778629537760416 0.5314491323242188 0.7806313268229167 0.5194722729492187 0.7976276686197917 0.5018011821289062 0.8029607434895834 0.459249603515625 0.7962001360677083 0.44474021435546873 0.7763013912760416 0.43010483837890623 0.7685353248697916 0.22971957080078126 0.7999661888020834 0.17712537353515626
1 0.43690653776041666 0.4567639814453125 0.4293314609375 0.45664146337890626 0.41496193229166667 0.5187481416015625 0.42401295442708337 0.5177503247070312 0.43690653776041666 0.4567639814453125
1 0.32986175325520833 0.4592274711914062 0.32310738411458334 0.5347711142578125 0.3344412141927083 0.5351104184570312 0.33764065234375 0.45826115771484377 0.32986175325520833 0.4592274711914062
1 0.43105392317708335 0.5466587670898437 0.44013402994791667 0.5455055751953125 0.43930991341145836 0.49804447509765626 0.44181182617187503 0.46438444873046875 0.434123724609375 0.46599368310546874 0.43105392317708335 0.5466587670898437
1 0.46734025390624995 0.491494265625 0.4603284576822917 0.49174479541015625 0.46332985807291666 0.5546353041992188 0.46972015755208335 0.5543227177734374 0.46734025390624995 0.491494265625
1 0.48068413411458333 0.49124214111328124 0.4749153307291667 0.49161678369140627 0.47166196289062495 0.5213988984375 0.4700695852864583 0.5524560463867187 0.4765504049479166 0.5527861059570313 0.4775795013020833 0.5213559111328125 0.48068413411458333 0.49124214111328124
1 0.5319212513020833 0.4630590078125 0.5241800338541667 0.4626644853515625 0.5419124778645833 0.5645601162109375 0.5516336321614583 0.5651520888671875 0.5319212513020833 0.4630590078125
1 0.5038869524739583 0.4606382197265625 0.49724411979166666 0.46111049560546874 0.507672623046875 0.496978013671875 0.5142810299479167 0.49669139697265624 0.5038869524739583 0.4606382197265625
1 0.5780759759114583 0.5087396342773437 0.568853783203125 0.5095221420898437 0.5859843951822917 0.5876984750976563 0.5925927565104167 0.587412099609375 0.5780759759114583 0.5087396342773437
1 0.6616915690104167 0.48041929296875 0.6529648776041667 0.47849865869140623 0.66481982421875 0.5589183388671874 0.67623694140625 0.559533701171875 0.6616915690104167 0.48041929296875
1 0.6538050533854166 0.513215494140625 0.64924889453125 0.5132851982421875 0.64072444140625 0.5942939184570313 0.6504745227864583 0.5944805087890624 0.6538050533854166 0.513215494140625
1 0.6203563509114584 0.5985572856445313 0.6257913795572917 0.5975255703125 0.6202878261718751 0.5111806357421875 0.6131912766927083 0.5136206059570313 0.6203563509114584 0.5985572856445313
1 0.716427958984375 0.5165823994140625 0.7085377278645834 0.5157945590820312 0.6961708483072916 0.606127369140625 0.7041093287760417 0.6066574619140624 0.716427958984375 0.5165823994140625
1 0.495987783203125 0.5740699599609375 0.5018677180989584 0.5743945068359375 0.49862655403645834 0.49089914990234373 0.49240331380208335 0.49054032421875 0.495987783203125 0.5740699599609375